
    3     5     8     9 
    4     3     4     1 
    9     5     3     7 
    3     5     8     1 

    3     5     7     9 
    1     5     8     3 
    3     5     7     1 
    1     1     1     1 

    3     5     8     9 
    4     3     4     1 
    9     5     3     7 
    3     5     8     1 

0.0565 0.806 -0.129 -0.411 
-0.407 -2.03 0.645  1.18 
0.218 0.968 -0.355 -0.444 
0.125    -0    -0 -0.125 
4
4

    1     0     0     0 
    0     1     0     0 
    0     0     1     0 
    0     0     0     1 


    0     0     0     0 
    0     0     0     0 
    0     0     0     0 
    0     0     0     0 
    0     0     0     0 

    2     5     3     5 
    6     6     8     9 
    5     6     4     5 
    4     4     6     6 
    7     9     2     6 

   10    16    14    19 
    6     6     8     9 
    5     6     4     5 
    4     4     6     6 
    7     9     2     6 

    6     6     8     9 
   10    16    14    19 
    5     6     4     5 
    4     4     6     6 
    7     9     2     6 

    6     6     8     9 
    5     8     7   9.5 
    5     6     4     5 
    4     4     6     6 
    7     9     2     6 

0.0565 0.806 -0.129 -0.411 
-0.407 -2.03 0.645  1.18 
0.218 0.968 -0.355 -0.444 
0.125    -0    -0 -0.125 
-0.00403
-2.46
    3     5     8     9 
    4     3     4     1 
    9     5     3     7 
    3     5     8     1 

0.0565 0.806 -0.129 -0.411 
-0.407 -2.03 0.645  1.18 
0.218 0.968 -0.355 -0.444 
0.125    -0    -0 -0.125 

    3     5     8     9 
    4     3     4     1 
    9     5     3     7 
    3     5     8     1 

    6    10    15    18 
    5     8    12     4 
   12    10    10     8 
    4     6     9     2 

    0     0     1     0 
    3    -2    -4    -2 
    6     0    -4     6 
    2     4     7     0 

   48    89   126    59 
   28    57    81    50 
   48    92   132   106 
   39    81   118    52 

 2.75    -1  1.25    -5 
    1    -1   2.5  -4.5 
 0.75    -2  2.25     5 
 0.75    -1  2.25    -4 

    3     5     7     9 
    1     5     8     3 
    3     5     7     1 
    1     1     1     1 
2.75
-16
